
01733298571
01733298588
01714798579
01714798582
01733298598
01714798583
01733298606
01714798591
01733298609
01714798594
01733298611
01714798596
01714798602
01714798605
01733298619
01733298623
01714798610
01714798611
01733298629
01714798614
01733298634
01733298637
01714798628
01733298638
01733298641
01714798634
01714798636
01714798638
01733298658
01714798646
01733298661
01714798648
01714798651
01733298666
01714798652
01733298667
01733298671
01714798665
01733298680
01714798667
01733298684
01714798671
01733298695
01733298698
01714798686
01733298700
01733298701
01714798694
01733298709
01733298710
01714798706
01733298714
01733298719
01714798716
01733298720
01714798717
01714798718
01733298724
01714798720
01733298734
01714798731
01714798733
01733298744
01714798735
01733298748
01733298763
01714798759
01733298767
01733298768
01714798770
01714798771
01714798776
01714798777
01733298790
01714798781
01733298793
01714798783
01733298797
01714798790
01714798795
01733298811
01733298812
01714798807
01733298816
01714798810
01714798815
01733298828
01733298830
01714798821
01733298831
01733298833
01714798825
01733298835
01714798830
01733298846
01733298850
01733298852
01714798851
01714798855
01714798858
01733298870
01733298871
01714798863
01733298872
01733298873
01714798868
01714798871
01733298883
01714798878
01733298887
01714798879
01714798881
01733298893
01714798883
01733298895
01714798886
01714798887
01714798888
01714798890
01714798892
01733298911
01714798898
01733298920
01714798904
01714798906
01733298929
01714798908
01733298936
01714798918
01733298937
01714798919
01733298943
01714798922
01714798924
01733298952
01714798931
01733298953
01714798932
01714798937
01733298962
01733298964
01714798942
01733298971
01714798950
01714798952
01714798953
01733298982
01714798954
01733298985
01714798962
01733298988
01733298992
01714798966
01733298993
01714798968
01733298994
01733298999
01714798976
01714798977
01714798983
01714798986
01714798988
01733299022
01714798989
01733299027
01733299028
01714798999
01733299031
01714799003
01733299033
01714799004
01733299034
01714799005
01714799006
01714799008
01733299042
01714799009
01733299046
01714799014
01733299051
01714799017
01733299054
01714799018
01733299059
01714799024
01733299060
01733299062
01714799040
01714799042
01714799052
01733299090
01733299093
01714799066
01714799068
01733299111
01714799074
01733299115
01714799078
01733299118
01714799082
01733299119
01714799089
01733299126
01714799090
01733299128
01733299132
01714799096
01733299133
01714799098
01733299134
01714799103
01733299137
01714799104
01733299139
01714799106
01733299143
01714799110
01733299146
01714799111
01733299148
01714799116
01733299153
01733299157
01714799124
01714799125
01733299166
01714799130
01714799133
01714799136
01714799142
01714799143
01714799144
01733299194
01733299199
01714799153
01714799156
01714799158
01733299207
01714799159
01714799161
01733299213
01733299214
01714799167
01733299231
01714799184
01733299232
01733299235
01714799189
01733299236
01714799190
01733299238
01714799193
01714799196
01733299246
01714799197
01714799204
01733299256
01714799205
01714799206
01733299261
01733299264
01714799211
01714799215
01733299270
01733299271
01714799223
01714799234
01733299293
01714799238
01714799239
01714799240
01714799242
01714799243
01733299307
01733299308
01733299310
01714799251
01733299311
01733299313
01714799254
01714799257
01733299319
01733299323
01714799271
01733299328
01733299332
01714799281
01733299337
01714799282
01714799291
01714799293
01714799294
01733299356
01714799298
01733299361
01714799299
01714799300
01733299365
01714799303
01733299369
01714799305
01733299376
01714799311
01733299380
01733299383
01714799321
01733299385
01733299386
01714799325
01733299389
01733299390
01733299396
01714799342
01733299401
01733299403
01733299414
01733299418
01714799366
01733299428
01714799367
01733299436
01714799371
01714799374
01733299444
01714799380
01714799381
01733299449
01714799383
01733299459
01733299463
01714799400
01733299465
01714799408
01733299473
01714799422
01733299484
01714799427
01714799428
01733299494
01714799429
01714799436
01714799438
01714799439
01733299513
01714799442
01733299517
01714799447
01733299520
01714799449
01714799450
01714799457
01733299537
01714799462
01733299539
01714799470
01733299550
01714799475
01733299553
01714799478
01733299556
01714799479
01733299558
01714799484
01733299561
01714799485
01733299565
01714799490
01733299567
01733299570
01714799496
01733299573
01714799503
01714799505
01733299582
01733299586
01714799511
01714799515
01714799523
01714799529
01733299614
01733299616
01714799537
01733299618
01714799540
01733299620
01714799545
01733299624
01733299627
01714799550
01714799551
01733299630
01733299633
01733299635
01714799563
01714799569
01714799571
01733299657
01714799577
01714799580
01733299661
01733299662
01714799585
01733299672
01714799589
01714799590
01733299678
01714799592
01733299682
01714799598
01733299685
01714799604
01714799610
01733299699
01733299702
01733299705
01714799627
01733299714
01714799630
01714799633
01733299724
01714799634
01714799638
01733299733
01714799643
01733299742
01733299743
01714799650
01733299744
01733299755
01714799669
01714799670
01714799674
01733299772
01714799681
01714799689
01714799690
01733299790
01714799692
01733299798
01714799701
01714799705
01733299803
01733299804
01733299807
01714799718
01714799719
01733299817
01714799720
01714799725
01714799727
01714799729
01733299834
01714799730
01733299846
01733299850
01714799754
01733299859
01714799755
01733299864
01733299865
01714799763
01714799765
01714799767
01733299874
01714799769
01714799770
01733299886
01714799778
01733299891
01714799780
01733299893
01714799785
01714799786
01733299899
01714799789
01714799790
01733299912
01714799801
01714799803
01714799806
01733299928
01714799807
01733299933
01733299935
01714799816
01714799817
01733299939
01733299941
01714799825
01733299946
01714799828
01733299948
01714799830
01714799833
01733299955
01733299957
01714799839
01714799840
01714799841
01733299963
01714799851
01733299978
01733299981
01714799860
01714799862
01714799863
01714799867
01714799868
01714799882
01714799884
01714799898
01733300040
01714799906
01733300049
01733300050
01714799915
01714799922
01733300061
01714799923
01714799925
01733300067
01714799926
01714799927
01733300083
01714799940
01733300085
01733300087
01714799945
01714799947
01714799953
01714799958
01714799963
01714799968
01714799971
01714799975
01714799977
01733300141
01714799982
01733300145
01714799987
01733300150
01714799990
01714799993
01733300156
01733300157
01714800000
01733300160
01714800001
01733300161
01714800002
01714800003
01714800005
01733300169
01714800008
01733300173
01714800009
01714800010
01733300179
01733300183
01714800018
01714800019
01714800021
01733300196
01714800029
01733300197
01714800030
01733300202
01714800032
01733300203
01714800034
01714800036
01714800039
01733300212
01733300214
01714800045
01733300219
01733300220
01714800050
01714800052
01733300226
01714800054
01714800057
01714800058
01733300239
01714800063
01733300242
01714800065
01714800066
01714800067
01733300247
01714800069
01733300251
01714800074
01733300255
01714800075
01733300256
01714800077
01733300260
01714800079
01714800080
01733300264
01714800084
01733300267
01714800087
01733300270
01714800088
01714800091
01733300279
01714800094
01714800096
01733300285
01733300290
01714800109
01733300295
01714800114
01733300299
01733300308
01714800124
01714800125
01714800127
01733300314
01714800128
01714800129
01733300322
01714800131
01733300323
01714800135
01733300328
01733300329
01714800141
01733300331
01714800142
01714800148
01714800149
01733300344
01714800154
01714800162
01714800163
01714800164
01733300366
01733300367
01714800173
01733300374
01714800179
01733300376
01714800180
01733300377
01714800182
01733300384
01714800188
01714800191
01733300387
01733300388
01714800195
01733300389
01714800199
01733300394
01714800203
01733300397
01714800204
01733300398
01733300399
01714800206
01714800207
01714800208
01733300409
01733300411
01714800216
01714800220
01714800221
01714800223
01714800226
01733300434
01714800228
01733300437
01714800229
01714800231
01714800233
01714800238
01714800240
01733300460
01714800244
01714800245
01714800246
01733300473
01714800249
01733300474
01714800254
01733300481
01714800256
01714800258
01733300488
01714800261
01714800262
01733300492
01714800264
01733300498
01714800270
01714800273
01714800278
01714800281
01733300516
01714800282
01733300519
01714800284
01733300521
01714800286
01714800290
01714800291
01714800293
01714800299
01733300548
01714800308
01714800309
01714800317
01714800320
01733300585
01714800334
01733300586
01714800336
01733300588
01714800338
01714800339
01714800340
01714800341
01733300601
01714800344
01714800345
01733300605
01714800346
01714800347
01714800348
01714800349
01714800352
01714800354
01733300627
01714800355
01714800356
01714800358
01714800359
01714800361
01733300642
01714800364
01714800365
01733300647
01733300649
01714800371
01733300651
01714800372
01714800375
01714800377
01714800380
01714800382
01733300670
01714800390
01733300682
01714800394
01714800399
01714800404
01733300701
01714800407
01733300705
01714800421
01714800436
01714800444
01733300741
01714800448
01714800452
01714800453
01714800456
01733300764
01714800465
01714800469
01714800470
01714800472
01714800475
01714800480
01714800482
01714800488
01714800490
01714800496
01714800497
01733300824
01714800499
01733300825
01714800504
01733300834
01714800506
01714800507
01733300835
01714800508
01733300836
01714800513
01714800515
01733300848
01714800516
01733300853
01714800523
01714800524
01714800531
01733300867
01714800533
01714800540
01714800549
01714800556
01733300907
01714800564
01714800566
01733300912
01714800567
01714800568
01733300917
01714800569
01714800572
01733300929
01733300930
01714800582
01714800584
01733300937
01714800592
01733300944
01714800593
01714800595
01733300947
01714800598
01714800603
01714800607
01733300967
01714800616
01733300974
01733300980
01714800633
01714800637
01714800645
01714800655
01714800661
01733301025
01714800664
01714800665
01733301035
01714800669
01714800672
01714800673
01714800676
01733301058
01714800677
01714800678
01733301078
01733301079
01714800686
01714800687
01714800688
01714800696
01733301099
01733301101
01714800700
01714800701
01733301103
01733301104
01714800703
01733301105
01714800705
01733301106
01733301107
01714800708
01733301108
01733301109
01714800712
01714800715
01714800716
01714800718
01733301123
01733301124
01714800722
01733301127
01733301128
01714800728
01714800729
01714800730
01733301135
01733301137
01733301138
01733301139
01733301140
01733301142
01714800752
01733301145
01733301147
01714800757
01733301150
01714800762
01733301151
01733301152
01714800765
01733301153
01733301154
01714800771
01733301156
01733301157
01714800773
01733301158
01714800775
01733301159
01733301161
01733301162
01733301165
01733301169
01733301170
01714800787
01733301171
01733301172
01714800792
01714800793
01733301176
01714800794
01733301183
01714800800
01733301184
01714800801
01714800802
01733301187
01714800804
01733301189
01733301190
01714800808
01714800809
01733301193
01714800810
01733301194
01733301195
01714800812
01733301196
01714800817
01733301200
01733301205
01714800826
01733301206
01714800827
01733301207
01714800828
01714800829
01714800837
01714800841
01733301229
01714800843
01714800849
01733301238
01733301241
01714800854
01733301242
01714800855
01714800858
01733301250
01714800862
01733301253
01733301255
01714800868
01714800875
01714800876
01733301266
01733301270
01714800885
01733301279
01733301290
01714800897
01733301295
01714800899
01733301299
01714800900
01733301300
01714800901
01714800903
01733301308
01714800908
01714800911
01733301313
01733301327
01714800927
01714800928
01714800934
01733301340
01714800944
01714800945
01714800946
01714800947
01733301364
01733301368
01714800956
01733301372
01714800958
01733301374
01714800964
01733301377
01714800965
01714800968
01733301383
01714800969
01733301388
01714800974
01733301389
01733301390
01733301391
01733301400
01714800992
01714800995
01714800999
01733301414
01714801000
01714801001
01733301418
01714801003
01733301423
01714801012
01714801017
01714801024
01714801026
01733301448
01714801028
01733301450
01714801029
01714801035
01714801036
01714801039
01733301468
01733301471
01714801044
01714801045
01714801047
01733301488
01714801057
01714801061
01714801063
01714801065
01714801066
01714801070
01733301517
01714801073
01733301522
01714801078
01714801080
01733301530
01714801083
01714801086
01733301541
01714801092
01714801093
01714801094
01714801096
01714801099
01714801102
01714801104
01714801113
01714801116
01714801134
01714801140
01714801143
01714801149
01714801155
01714801161
01714801162
01714801165
01714801170
01714801173
01714801175
01714801176
01714801187
01714801189
01714801190
01714801192
01714801199
01733301609
01714801206
01733301623
01733301639
01714801225
01733301660
01714801229
01714801230
01714801231
01714801239
01714801243
01733301682
01714801248
01714801252
01714801257
01733301700
01733301702
01714801261
01714801265
01714801267
01733301716
01714801272
01714801278
01733301726
01714801282
01733301734
01714801284
01733301735
01714801288
01714801294
01733301745
01714801295
01714801297
01714801298
01714801299
01733301759
01714801303
01714801304
01714801306
01714801308
01714801309
01714801312
01714801316
01714801317
01714801324
01733301803
01714801328
01714801332
01733301813
01714801334
01733301815
01714801339
01714801342
01714801347
01714801349
01733301837
01714801350
01714801352
01733301843
01714801353
01714801357
01714801360
01714801362
01714801363
01733301863
01714801365
01733301867
01714801379
01714801387
01733301891
01733301896
01733301902
01733301903
01733301918
01733301921
01733301963
01733301990
01733301992
01733301993
01733302021
01733302029
01733302049
01733302072
01733302147
01733302156
01733302171
01733302186
01733302193
01733302226
01733302232
01733302235
01733302245
01733302274
01733302280
01733302308
01733302326
01733302328
01733302337
01733302341
01733302345
01733302349
01733302369
01733302381
01733302383
01733302390
01733302391
01733302412
01733302421
01733302426
01733302427
01733302438
01733302478
01733302483
01733302488
01733302495
01733302496
01733302500
01733302508
01733302512
01733302520
01733302528
01733302536
01733302537
01733302549
01733302563
01733302597
01733302598
01733302611
01733302620
01733302622
01733302624
01733302634
01733302643
01733302644
01733302672
01733302673
01733302674
01733302685
01733302702
01733302723
01733302742
01733302762
01733302798
01733302827
01733302835
01733302849
01733302864
01733302886
01733302887
01733302907
01733302909
01733302915
01733302920
01733302925
01733302956
01733302981
01733303039
01733303054
01733303107
01733303115
01733303136
01733303140
01733303154
01733303159
01733303174
01733303182
01733303192
01733303194
01733303201
01733303206
01733303209
01733303210
01733303211
01733303215
01733303216
01733303224
01733303245
01733303247
01733303251
01733303253
01733303254
01733303296
01733303299
01733303310
01733303317
01733303323
01733303328
01733303331
01733303334
01733303335
01733303338
01733303343
01733303350
01733303363
01733303368
01733303416
01733303425
01733303428
01733303440
01733303445
01733303458
01733303459
01733303461
01733303470
01733303484
01733303485
01733303486
01733303488
01733303489
01733303516
01733303520
01733303523
01733303527
01733303539
01733303545
01733303565
01733303593
01733303599
01733303672
01733303680
01733303684
01733303685
01733303686
01733303691
01733303694
01733303699
01733303701
01733303707
01733303718
01733303720
01733303722
01733303731
01733303735
01733303743
01733303758
01733303774
01733303776
01733303779
01733303788
01733303799
01733303803
01733303804
01733303806
01733303816
01733303825
01733303830
01733303834
01733303863
01733303880
01733303899
01733303912
01733303913
01733303914
01733303925
01733303939
01733303964
01733303973
01733303980
01733303987
01733304032
01733304038
01733304039
01733304044
01733304045
01733304061
01733304072
01733304073
01733304074
01733304079
01733304096
01733304101
01733304105
01733304108
01733304113
01733304116
01733304120
01733304127
01733304135
01733304137
01733304138
01733304151
01733304197
01733304199
01733304233
01733304243
01733304244
01733304291
01733304302
01733304307
01733304313
01733304325
01733304336
01733304339
01733304344
01733304348
01733304355
01733304387
01733304401
01733304402
01733304403
01733304405
01733304412
01733304424
01733304431
01733304436
01733304439
01733304442
01733304443
01733304445
01733304446
01733304447
01733304452
01733304454
01733304456
01733304457
01733304460
01733304461
01733304462
01733304463
01733304504
01733304512
01733304514
01733304517
01733304526
01733304528
01733304544
01733304553
01733304555
01733304557
01733304558
01733304562
01733304566
01733304574
01733304582
01733304593
01733304594
01733304599
01733304619
01733304623
01733304627
01733304634
01733304668
01733304669
01733304671
01733304682
01733304696
01733304707
01733304728
01733304736
01733304755
01733304774
01733304778
01733304787
01733304809
01733304812
01733304815
01733304821
01733304823
01733304836
01733304838
01733304842
01733304844
01733304866
01733304872
01733304879
01733304885
01733304896
01733304899
01733304932
01733304933
01733304950
01733304954
01733304977
01733304985
01733304988
01733304989
01733304999
01733305005
01733305008
01733305024
01733305038
01733305050
01733305053
01733305070
01733305072
01733305091
01733305095
01733305096
01733305097
01733305101
01733305103
01733305122
01733305129
01733305132
01733305140
01733305142
01733305144
01733305145
01733305167
01733305171
01733305173
01733305182
01733305183
01733305186
01733305193
01733305196
01733305205
01733305206
01733305207
01733305211
01733305212
01733305213
01733305215
01733305221
01733305230
01733305238
01733305247
01733305268
01733305292
01733305299
01733305309
01733305310
01733305313
01733305321
01733305332
01733305354
01733305366
01733305400
01733305408
01733305409
01733305420
01733305430
01733305456
01733305489
01733305509
01733305514
01733305519
01733305541
01733305543
01733305545
01733305551
01733305589
01733305605
01733305615
01733305619
01733305628
01733305633
01733305660
01733305676
01733305700
01733305727
01733305752
01733305801
01733305804
01733305806
01733305817
01733305832
01733305854
01733305897
01733305904
01733305906
01733305911
01733305919
01733305926
01733305927
01733305933
01733305936
01733305937
01733305940
01733305943
01733305952
01733305956
01733305958
01733305959
01733305967
01733305969
01733305970
01733305996
01733306006
01733306031
01733306041
01733306049
01733306057
01733306068
01733306074
01733306079
01733306111
01733306117
01733306128
01733306145
01733306158
01733306198
01733306221
01733306232
01733306233
01733306248
01733306251
01733306258
01733306272
01733306273
01733306274
01733306278
01733306279
01733306281
01733306282
01733306289
01733306311
01733306319
01733306321
01733306323
01733306326
01733306335
01733306336
01733306339
01733306343
01733306358
01733306363
01733306395
01733306414
01733306433
01733306435
01733306439
01733306455
01733306460
01733306461
01733306462
01733306465
01733306469
01733306471
01733306473
01733306477
01733306484
01733306485
01733306498
01733306505
01733306514
01733306533
01733306539
01733306543
01733306558
01733306566
01733306590
01733306599
01733306626
01733306663
01733306665
01733306668
01733306674
01733306693
01733306701
01733306703
01733306710
01733306711
01733306712
01733306713
01733306714
01733306716
01733306721
01733306722
01733306725
01733306735
01733306737
01733306738
01733306740
01733306743
01733306752
01733306758
01733306760
01733306766
01733306777
01733306780
01733306781
01733306782
01733306783
01733306785
01733306787
01733306788
01733306799
01733306800
01733306803
01733306809
01733306811
01733306814
01733306818
01733306838
01733306841
01733306844
01733306849
01733306851
01733306853
01733306856
01733306857
01733306864
01733306867
01733306870
01733306872
01733306879
01733306882
01733306903
01733306910
01733306917
01733306920
01733306921
01733306929
01733306932
01733306936
01733306947
01733306951
01733306954
01733306956
01733306957
01733306960
01733306961
01733306966
01733306976
01733306984
01733306985
01733306986
01733307003
01733307015
01733307021
01733307023
01733307025
01733307030
01714804026
01714804028
01714804034
919098145295
919098145296
919098145297
919098145298
919098145300
919098145301
919098145302
919098145304
919098145305
919098145306
919098145308
919098145309
919098145311
919098145312
919098145315
919098145316
919098145317
919098145318
919098145319
919098145320
919098145323
919098145324
919098145325
919098145327
919098145329
919098145330
919098145331
919098145332
919098145334
919098145337
919098145340
919098145341
919098145343
919098145344
919098145345
919098145346
919098145347
919098145424
01306651049
01306651077
01306651091
01306651109
01306651110
01919898986
01919898987
01919898990
01919898994
01919898995
01919899000
01919899005
01919899016
01919899018
01919899022
01919899043
01919899050
01919899061
01919899073
01919899078
01919899082
01725896591
01725699876
01725699888